1616399337465 1.0032742023468018 1
1616399337624 0.940192461013794 101
1616399337703 0.8730477094650269 201
1616399337779 0.8133766651153564 301
1616399337858 0.8070700764656067 401
1616399337933 0.7789129018783569 501
1616399338010 0.7397885322570801 601
1616399338086 0.7731474041938782 701
1616399338165 0.7033969759941101 801
1616399338240 0.7239960432052612 901
1616399338319 0.697216272354126 1001
1616399338395 0.7071652412414551 1101
1616399338471 0.6839304566383362 1201
1616399338547 0.6022635102272034 1301
1616399338622 0.6554834246635437 1401
1616399338699 0.6314384937286377 1501
1616399338775 0.6315013766288757 1601
1616399338855 0.6301221251487732 1701
1616399338930 0.647152841091156 1801
1616399339007 0.6284289956092834 1901
