1616399337465 0.4493333399295807 1
1616399337624 0.46533334255218506 101
1616399337703 0.46933332085609436 201
1616399337779 0.4440000057220459 301
1616399337857 0.48399999737739563 401
1616399337933 0.46000000834465027 501
1616399338010 0.46933332085609436 601
1616399338086 0.46000000834465027 701
1616399338165 0.47733333706855774 801
1616399338240 0.46799999475479126 901
1616399338319 0.4893333315849304 1001
1616399338395 0.4480000138282776 1101
1616399338471 0.5080000162124634 1201
1616399338547 0.5026666522026062 1301
1616399338622 0.48533332347869873 1401
1616399338699 0.48266667127609253 1501
1616399338775 0.48266667127609253 1601
1616399338855 0.4866666793823242 1701
1616399338930 0.46399998664855957 1801
1616399339007 0.46266666054725647 1901
