1616399337623 634.1995239257812 101
1616399337701 1273.660400390625 201
1616399337777 1316.516845703125 301
1616399337856 1265.7694091796875 401
1616399337931 1329.773193359375 501
1616399338009 1288.87353515625 601
1616399338085 1312.771240234375 701
1616399338163 1278.131591796875 801
1616399338239 1320.899169921875 901
1616399338317 1278.755126953125 1001
1616399338393 1316.8804931640625 1101
1616399338469 1316.1243896484375 1201
1616399338545 1316.3060302734375 1301
1616399338620 1326.50537109375 1401
1616399338698 1296.12646484375 1501
1616399338774 1314.977294921875 1601
1616399338854 1249.870849609375 1701
1616399338928 1334.1552734375 1801
1616399339005 1304.5478515625 1901
