1616399337465 0.6186666488647461 1
1616399337624 0.6000000238418579 101
1616399337703 0.5920000076293945 201
1616399337779 0.5746666789054871 301
1616399337857 0.5853333473205566 401
1616399337933 0.5746666789054871 501
1616399338010 0.5706666707992554 601
1616399338086 0.5680000185966492 701
1616399338165 0.5720000267028809 801
1616399338240 0.5666666626930237 901
1616399338319 0.5666666626930237 1001
1616399338395 0.5613333582878113 1101
1616399338471 0.5680000185966492 1201
1616399338547 0.5666666626930237 1301
1616399338622 0.5666666626930237 1401
1616399338699 0.5653333067893982 1501
1616399338775 0.5600000023841858 1601
1616399338855 0.562666654586792 1701
1616399338930 0.5573333501815796 1801
1616399339007 0.5573333501815796 1901
